10
0		12		12		7		10		3		9		10		2		3
12		0		2		5		4		9		3		2		14		15
12		2		0		5		2		9		3		4		14		15
7		5		5		0		7		4		4		3		9		10
10		4		2		7		0		7		3		6		12		13
3		9		9		4		7		0		6		7		5		6
9		3		3		4		3		6		0		3		11		12
10		2		4		3		6		7		3		0		12		13
2		14		14		9		12		5		11		12		0		1
3		15		15		10		13		6		12		13		1		0
